7.0597 73.7182 44.3183
0.0000 70.8749 51.8206
26.5068 32.4971 3.1699
26.4945 52.7665 19.2336
26.7308 39.7719 15.3389
93.2017 46.3100 48.1247
17.9166 35.7580 22.7893
97.7850 39.9082 58.7071
37.1241 34.5047 97.1911
6.1412 77.6269 23.1222
100.0000 48.5035 14.1944
5.2278 60.8936 5.9739
62.3788 27.0877 16.6588
77.4890 8.7299 34.0781
94.7173 40.6589 34.0976
86.8506 7.8075 31.5452
14.1818 63.2667 15.3477
65.6936 37.8995 30.1386
4.6910 90.6391 27.1533
77.3773 3.6480 34.5948
10.9260 77.9514 61.1953
47.1935 26.3830 9.4422
35.7108 48.1623 88.6930
34.9558 24.5954 17.8762
91.6433 35.4411 53.5102
65.0174 24.8618 24.8809
81.3864 44.2496 14.4001
6.8957 66.2587 8.0483
40.0570 47.3824 90.6252
12.7372 77.8589 24.1287
