67.1199 18.7487 36.4016
61.7520 71.0494 92.5906
97.9021 49.1925 82.1316
77.6795 33.0922 35.5791
60.6967 54.7194 44.9409
58.7111 43.6313 27.9833
39.2052 24.5373 94.4997
88.7140 75.9935 71.3528
64.8905 39.4530 27.1634
94.9438 52.2551 75.2206
44.7732 26.2717 43.9381
75.0208 74.4246 96.8714
14.1909 48.5832 76.0859
32.4778 22.6590 99.3934
44.8729 20.3572 91.6574
88.5233 54.8946 20.2008
66.5153 63.7298 98.1426
68.3714 30.1158 33.7435
93.9868 81.1361 83.6774
25.4243 51.3786 80.9629
25.8930 53.2126 85.7860
0.0000 14.0746 40.1899
53.8642 45.5622 45.9667
37.9331 38.5156 49.2941
51.0852 27.3438 27.2741
83.3157 55.1704 30.4299
63.3820 48.2021 34.0648
71.5633 52.8600 75.0137
13.2230 11.7440 39.3265
91.4036 73.7566 67.5669
96.5610 52.2045 79.4131
100.0000 40.1727 87.1398
40.4875 30.4806 49.8088
92.2787 57.2903 12.8638
91.8041 9.5278 20.9800
93.4635 20.8849 33.7524
67.7550 48.8477 80.4938
17.0796 13.9858 39.3463
80.2074 23.0148 28.8822
68.3473 52.2479 78.6008
