21.5898 49.3089
57.9425 100.0000
23.6620 37.1224
79.1542 93.1372
41.7301 34.9990
16.5388 32.0506
64.4906 69.0332
43.4443 23.9432
27.2597 64.5755
73.6602 21.4236
89.0870 56.4012
49.8050 77.2560
94.4827 64.3886
24.4114 64.4765
83.8220 87.2253
63.6190 56.0631
59.7244 61.5180
15.1527 48.2175
66.7575 86.0632
52.7193 68.3775
54.6587 74.5253
90.3313 94.9140
0.0000 40.2951
74.2287 21.2221
63.4122 67.7668
15.8326 40.0348
50.7210 75.1317
8.1255 49.8952
42.8963 38.9320
21.0399 40.0279
65.1136 68.7858
80.4519 24.8881
5.7537 25.8574
55.1754 74.9497
60.7462 58.0214
50.1431 78.7037
69.4261 84.5660
5.9519 36.2904
91.0315 63.0048
21.8649 57.0141
