42.5733 26.2775
38.3815 82.0618
59.5734 22.7529
33.1503 13.5112
8.7377 23.0902
59.5675 59.2713
89.6041 97.3463
92.6674 6.2368
27.4612 93.4571
8.8865 30.5623
59.0913 34.3161
78.9035 100.0000
28.5894 83.9933
54.5538 32.5650
13.4137 17.9355
34.4749 78.4536
41.4459 69.8338
8.0145 54.5536
66.4585 39.0496
74.9015 37.3500
42.4433 16.0903
62.9807 36.6415
98.4537 12.1767
96.1547 97.8134
16.0233 62.4454
54.6584 64.1929
69.1892 39.9009
30.5650 28.0110
23.3040 61.4817
62.6357 43.8665
19.7104 56.8477
44.4513 63.2149
47.9134 68.1316
0.0000 49.1853
21.0502 90.7703
37.8766 28.0754
34.9815 13.5441
91.0894 14.8650
33.1878 33.8818
6.3138 57.7282
