23.9953 90.9624 24.5819
5.5924 92.8296 7.3306
4.6369 17.5810 33.6589
2.3125 10.8956 71.4760
48.9068 10.3446 86.4362
18.2054 6.4393 18.2426
4.8757 87.5198 9.9627
85.6910 51.8073 1.1304
3.5865 86.7524 0.6363
71.0493 49.8497 11.0197
4.6390 19.5609 78.7693
40.0373 14.2710 91.3230
7.0427 14.2096 35.6331
14.4102 32.5759 29.1508
28.9679 0.0000 14.5454
65.1201 37.9313 77.0211
43.6015 16.6439 93.1053
18.2262 27.6989 29.3653
37.1668 13.8013 9.5919
33.9190 48.9583 96.2581
46.5704 19.7810 66.0406
42.9314 11.9916 70.5505
18.7452 26.7897 27.2920
23.2482 88.5192 16.7287
11.3930 94.0391 13.8198
5.9980 82.2371 7.1648
6.1008 8.1366 31.8458
5.6757 82.1292 14.4453
2.1190 30.0240 68.2300
77.4988 44.1523 3.2058
17.4106 100.0000 17.8132
54.6116 51.1279 7.3033
31.5268 38.1370 75.9317
63.8258 32.0481 83.1698
47.9443 26.3845 59.9687
8.6758 85.8106 13.8001
33.4409 51.1210 77.3272
56.3047 53.4482 10.2463
57.1106 27.1037 89.4164
58.8746 37.6909 12.3348
