43.1181 34.2254
47.4277 17.9713
28.5565 93.3700
25.7558 89.2627
86.1001 69.2728
42.9894 35.6277
29.0268 57.4517
32.2293 91.1537
67.4283 57.9391
54.6915 86.2291
47.0631 15.0280
32.4572 100.0000
35.7072 39.1170
0.0000 65.0372
33.6854 96.8822
87.9599 36.4407
94.2515 42.9160
27.4310 46.4114
61.2616 88.6588
91.9282 44.7089
12.0714 85.5533
85.0512 72.7301
26.9176 87.9753
87.7078 22.6657
29.7608 33.3461
99.6366 20.6106
46.5445 13.8474
7.8999 63.4383
93.2587 64.1535
59.1533 93.4954
4.1122 74.4863
32.1769 47.5592
26.2992 39.0268
91.7185 30.4192
98.5320 44.0077
45.4217 26.3675
18.4322 88.9305
43.4750 89.9611
94.7881 64.2420
63.5358 63.3704
