22.8787 7.5488 2.8212
83.7827 91.2535 83.5698
32.7814 46.2533 37.7574
17.4783 41.6010 80.0003
52.2536 75.4330 96.6314
81.8735 94.9251 76.2039
51.9293 69.4835 98.6435
63.1051 100.0000 29.3977
78.5370 68.2096 20.8599
47.5213 3.0827 5.9156
0.8964 74.0030 36.6671
71.2361 62.2190 30.6876
54.4737 77.5573 90.8568
52.2342 2.6509 21.3776
73.8040 88.8505 40.8409
82.2252 99.2624 74.0442
49.9560 17.3388 27.1043
26.3294 8.8272 16.0478
46.5603 20.0577 33.4179
50.0591 5.4237 9.2884
41.5358 19.3723 28.8723
70.8706 65.2035 34.7355
7.6566 69.1900 31.8873
61.7150 93.2535 26.5297
25.0725 50.7896 41.1154
1.1215 39.4715 75.2750
32.8530 48.1029 32.5719
20.4708 10.9388 8.0088
0.0000 68.0610 38.5664
9.1849 42.4886 82.5408
