30.2318 65.2380 71.2011
17.5111 67.6635 48.7168
73.8348 37.2085 29.5897
85.4719 88.1293 63.6727
20.9469 74.9583 55.3110
63.0228 84.0144 57.9506
61.2351 60.6453 61.4640
67.8759 55.9796 57.0251
85.5598 82.6364 58.4258
22.5898 31.0332 79.7385
10.1279 45.1009 0.9669
16.3486 22.8584 23.4446
24.7528 41.8119 75.2342
14.6250 32.4190 10.3453
45.3749 78.3019 76.5339
83.4125 82.2744 56.2709
12.9139 32.9245 18.7105
72.7192 47.2356 30.0969
5.1553 38.5685 4.3590
44.5122 25.2318 1.2827
21.4684 38.6241 92.3097
63.9473 90.0274 51.0374
61.0920 58.3145 55.5306
32.1135 51.3706 89.9532
42.5146 17.9679 2.1087
8.4452 27.9856 18.2206
25.9397 63.8013 78.9251
39.6288 78.0027 78.6964
40.9950 8.6300 0.0000
89.3120 81.4022 57.1269
22.4287 48.7399 100.0000
96.1038 87.4597 61.6071
63.6530 85.7293 59.5845
17.0228 64.9050 54.9194
91.2307 87.3943 56.5930
69.3567 47.6520 28.6504
85.2716 77.2541 60.0258
24.1351 59.3543 75.1977
48.9511 81.7167 78.4214
23.0812 41.9742 73.6524
