56.4017 45.6881
29.1108 52.3999
33.5227 33.6978
69.2173 37.4536
74.4911 32.8262
9.3052 57.5236
12.6174 86.9329
34.9899 51.9040
48.8078 32.1247
74.5109 87.9092
77.0361 36.5507
32.3880 54.5138
67.1311 54.7588
74.4769 44.8313
18.0971 88.0664
34.3680 41.0699
54.7981 15.4261
73.4614 84.7331
57.4587 14.8707
78.0522 48.8098
92.8607 0.0000
71.0443 45.7568
28.9284 56.4472
83.0361 41.3039
18.0615 100.0000
59.6363 30.1901
81.0131 82.8594
82.8295 80.8529
34.0421 54.2851
77.3904 37.0159
65.4420 23.0585
80.6106 1.6631
74.9457 33.9144
15.8299 58.1558
91.0171 13.5105
75.0598 51.5746
11.1043 63.2117
70.8131 45.0369
63.1077 35.8917
23.6361 54.5266
