27.0383 57.4727
64.5347 63.6787
76.5498 24.9779
75.7937 100.0000
17.7220 8.2125
77.5071 32.0518
0.9069 57.7660
44.1338 32.4554
61.2342 14.3820
8.7004 58.4417
38.8192 53.0576
30.9505 46.9189
33.2308 82.2470
61.4658 53.7912
63.9128 55.3339
46.7307 36.8345
17.7149 4.2647
75.9689 32.8078
21.9401 4.5096
33.0632 81.3874
49.5893 61.6523
70.2534 19.1416
3.8480 53.3895
47.7832 58.5382
20.1150 58.2551
1.2795 90.4759
56.7568 53.2247
51.9698 53.0414
72.5127 90.3821
0.0000 85.5298
32.2361 36.2940
49.2846 37.7937
22.6136 34.5992
62.1424 56.5896
15.7730 17.7385
66.5316 15.6045
29.7728 62.9507
32.4066 56.6832
35.2815 74.9408
4.6927 82.1703
38.1975 67.2282
36.0225 30.5309
69.4921 56.2196
50.1811 36.1555
28.6578 59.7515
9.2086 22.2834
12.8315 23.1361
79.8583 81.4249
14.4953 49.5148
18.5851 59.1301
