82.0017 97.0484
59.6420 16.2076
30.0578 58.8226
68.0990 29.1070
37.8487 39.0867
84.3855 98.5926
81.0133 90.4735
79.0930 64.7517
72.3034 75.6464
46.9010 83.4405
29.5760 96.7150
7.9831 84.6275
81.1906 92.1757
35.5903 37.6628
76.0197 83.9373
65.2395 40.8656
25.9430 22.4739
33.6908 100.0000
9.9277 92.4653
0.0000 24.1805
78.5355 6.7575
33.5935 89.2433
41.2799 48.3249
73.8370 59.2642
62.5821 67.9654
37.6044 93.2032
16.4759 88.9250
38.9468 39.7941
20.7194 25.5957
69.8611 60.2758
45.4632 74.1132
42.6853 77.4894
68.8460 74.4621
76.8339 14.0130
17.1271 34.2362
66.5236 96.3222
39.2333 57.3592
29.6345 99.0616
69.3186 38.5255
59.2981 21.1051
65.7568 73.5687
29.8702 85.2257
23.5099 13.7092
82.4319 89.2076
83.7749 94.0728
61.6423 45.5000
78.1916 11.5342
34.6126 57.0845
9.9965 25.8978
70.2473 93.8320
