78.3235 32.8830 100.0000
93.1387 56.3999 32.6222
64.2992 40.3328 69.2605
38.7057 56.7907 23.3630
71.9678 53.2222 58.6082
52.7123 67.8785 33.4589
42.2723 59.6594 14.3418
76.6530 7.8759 13.6752
87.3424 72.5458 38.4609
91.1063 53.5389 37.0426
45.8968 57.8262 24.7200
93.2359 30.8422 99.3799
77.2371 0.0000 16.6240
69.8637 10.5190 20.7384
5.2462 13.6386 85.2796
95.8549 18.8386 31.9534
87.7700 54.5496 25.9673
82.8437 7.0044 6.1891
63.0598 50.3721 60.4525
10.6412 17.8061 89.8003
74.8981 10.7387 8.4789
49.4927 77.6184 41.4687
89.3942 35.6277 92.2871
74.4367 6.8115 16.6201
85.2570 24.1803 35.9022
14.4475 12.7305 92.3345
91.2418 83.6916 28.1941
93.5197 77.0832 24.8377
50.9884 75.2704 38.5732
91.7721 16.0023 35.1840
