28.4693 23.1969 25.1887
85.2286 15.3608 33.3953
17.9705 59.6600 9.3025
43.5799 79.0344 68.8043
86.0451 8.5396 30.0140
18.2749 80.2416 18.3293
24.4379 42.9540 76.0651
71.3341 52.8313 71.1657
83.7125 31.3408 77.1461
27.3651 66.1606 30.1890
42.5665 30.2118 83.0798
10.6677 55.1400 13.2912
83.0090 29.9441 74.0661
32.6125 10.7916 31.8877
16.2737 71.6863 18.7917
70.3392 45.8287 24.5048
85.3775 2.7461 24.2945
69.2429 52.1659 75.3909
45.5365 28.3279 24.6600
20.6755 62.5481 35.7491
39.5564 72.4128 60.6757
68.1242 50.7464 21.8103
32.6940 48.2719 73.4069
40.4785 60.0403 54.4784
24.4688 65.3297 27.8042
9.5797 57.7759 9.9262
38.5721 37.9347 40.7534
29.9940 17.5680 26.4681
24.0096 82.2193 16.3181
7.7622 77.0118 15.1195
33.0685 66.1441 54.6154
42.1718 29.9691 36.0208
44.0151 27.5405 22.4187
43.4522 33.1263 80.2569
8.5995 70.0223 21.0365
33.1996 65.7575 57.0523
74.7071 47.8927 78.1991
47.8174 27.4086 39.4275
18.5427 55.3481 0.0000
21.9864 48.8519 76.3245
37.1371 72.4986 69.2422
34.6728 28.2425 88.8765
21.1433 75.5375 27.0161
100.0000 5.5689 32.4212
46.3878 28.9958 54.0314
40.8827 30.1525 43.7241
47.1524 26.4135 25.6333
48.5604 29.4834 44.2938
79.3265 34.9922 75.5549
73.1628 45.0972 17.5536
