83.2415 40.5299
64.6723 56.4699
2.7667 15.7067
53.5010 28.1990
16.7323 92.1818
12.7890 46.6499
53.3338 65.6471
5.7467 90.2196
79.4242 41.2872
47.2136 68.9804
93.6015 92.8495
74.1928 19.5217
64.3376 41.2152
5.4923 16.9118
64.6959 70.2021
26.9950 25.3555
10.3017 50.1048
18.6300 45.6536
21.6188 45.7894
96.5069 86.6841
75.9628 66.9339
81.2392 49.1786
84.0288 23.1934
40.3126 43.1210
27.7042 35.6822
52.4145 72.1459
52.7006 60.2678
62.5088 40.6418
56.8611 71.6693
64.5466 60.5556
76.7318 30.5832
77.4120 54.8810
49.1901 61.0700
58.7523 47.1568
41.3141 48.9412
96.8366 90.4316
8.6832 89.6487
75.7559 63.1695
35.9933 52.2835
0.0000 100.0000
4.7350 45.3203
69.7265 47.9457
27.6550 18.6897
10.9655 20.8796
73.2914 60.9696
19.8986 53.9182
57.2042 27.3209
59.6410 55.6286
72.2239 57.4530
58.6444 42.2709
