74.1116 94.0284 77.2693
35.1280 22.4006 17.2591
83.4633 8.4728 56.5775
88.2328 70.9530 7.6251
21.0652 7.5576 91.7177
67.6089 53.2533 31.5461
90.4834 28.2449 80.4076
89.1362 28.5037 58.7974
20.3995 13.1831 38.7289
15.6209 23.8218 70.1884
78.6277 89.9565 69.8201
15.3314 35.8353 76.9495
66.1460 16.8188 9.7318
92.5517 24.7335 86.4365
82.7187 23.5739 63.9043
45.4268 77.7637 38.5015
65.0857 57.8907 24.4533
87.7263 28.6599 87.1400
79.3805 67.9242 12.6046
10.0693 9.8101 86.3435
80.7101 67.8715 12.3973
72.6006 63.0427 18.6315
98.0781 34.3566 60.5518
54.9976 95.9450 77.2016
36.2413 29.8902 11.5344
13.9035 29.8878 72.5675
50.8115 100.0000 66.4685
74.1709 69.6161 20.2768
24.0972 9.0827 28.6538
16.9536 30.8561 77.2575
54.2641 91.8398 66.7344
74.5101 52.5420 30.1192
35.6205 70.9328 30.1372
75.1144 18.0287 12.4300
25.8862 2.0384 95.2093
81.5822 8.3506 48.3430
17.7007 5.6483 83.8783
89.6901 70.5859 9.3784
72.4026 83.8330 71.4793
52.1835 71.4955 33.0049
9.9521 41.2008 83.0638
60.2769 15.3908 1.4367
22.4784 0.0000 35.3931
78.0759 64.9395 20.1339
86.2696 10.2979 46.4390
38.6690 29.5197 20.4394
78.4166 74.5988 19.2696
84.1014 34.8782 78.4164
97.2248 76.0976 15.5141
19.9832 31.9528 83.1480
