40.4091 6.6224 51.9768
19.2482 27.6553 57.7835
33.0708 45.6632 0.0000
48.1061 19.0279 49.2591
28.6205 33.6739 93.7434
37.9677 33.3700 91.5854
13.1036 30.6623 22.1976
6.6979 36.1277 17.5091
93.2179 51.3242 10.1283
94.3892 13.9516 21.0178
30.4864 36.6642 7.1748
30.6477 38.4296 11.5660
18.3183 39.6716 89.5858
32.4029 77.1490 97.5029
24.1464 42.2997 82.4874
19.8852 35.8459 28.3426
72.3699 54.0437 22.9581
14.1212 46.5313 91.7471
62.9908 52.8242 34.9451
50.4928 12.9372 56.4072
96.5722 46.4573 25.2498
17.7000 28.5167 72.3599
30.9549 31.8372 89.5224
79.2354 45.9733 30.6415
31.2690 61.0234 100.0000
92.1900 49.9189 26.9730
97.4150 9.8416 24.2176
25.2961 67.7235 93.2770
97.0443 4.4248 33.5042
21.1438 25.3355 64.1242
