65.4460 9.4155
17.9870 77.9721
67.3819 78.8159
88.8366 97.0477
100.0000 20.2104
74.5671 87.2922
29.9417 12.5574
64.6744 2.5167
31.6581 46.3250
8.1811 63.8915
2.7829 18.3300
33.7816 56.0953
71.8748 98.5716
7.3621 24.1822
68.7655 53.5133
73.6707 81.1739
67.6806 0.1062
28.7561 56.7207
19.6093 42.4474
7.7584 70.6450
13.6283 3.5474
5.3762 14.8287
5.6362 0.4450
34.8718 52.5412
35.3126 15.8779
29.3555 54.7659
19.9287 55.6455
31.3449 12.6262
21.1419 40.2338
85.8832 92.2496
70.8850 52.8145
29.4698 39.6643
33.0048 15.8892
71.4825 59.5695
81.3968 94.1255
39.1912 4.8773
97.1031 35.4393
72.5793 59.0721
94.3604 21.0765
65.8829 57.1939
64.4949 0.0000
5.3467 55.2589
27.9933 14.7604
4.5587 6.2992
71.6826 41.3847
84.6788 94.2398
17.9733 73.9643
65.9765 80.3526
21.6708 73.3614
91.2584 95.0402
