35.6258 45.3803 26.2856
98.6779 45.8361 14.4922
48.6376 21.0569 41.2955
24.1394 60.1937 27.1631
80.8292 56.0782 28.0513
52.6099 15.7941 22.6845
77.6810 56.4657 87.6274
45.5207 16.3482 35.7664
14.6290 28.8908 96.1951
9.4157 19.1881 14.5241
21.9397 52.1177 94.0486
84.4154 37.7126 17.5864
51.0717 59.7216 11.1270
49.0036 16.1789 23.4891
15.2256 29.5142 87.0257
28.5397 29.0892 87.2526
23.0989 67.7320 91.0257
73.2847 51.7976 66.8642
62.9217 56.0632 61.9981
88.7086 51.4444 95.9130
84.5718 71.9359 68.2205
26.3085 59.2018 95.7243
98.7581 52.4576 52.4223
100.0000 48.0788 55.1839
0.8543 47.8279 64.9411
95.5814 68.7315 62.5575
2.2209 54.3115 75.4742
10.5426 16.5604 8.6670
1.6632 98.5781 25.5461
26.5553 51.6080 35.5471
92.6245 78.9582 64.9248
90.3570 57.0136 30.9164
60.5831 48.8496 67.1815
18.7863 24.6264 9.1464
54.8045 66.7080 12.7230
93.2520 52.5970 10.3268
82.1573 43.7138 19.7135
10.2359 92.7653 25.6018
9.9485 91.5548 24.5766
33.2327 65.8787 25.6333
55.1003 61.2737 7.8233
0.0000 54.4756 62.1403
50.0230 19.4131 20.1982
23.4588 58.9691 36.2637
23.1522 66.1621 21.9452
95.2284 48.8340 55.5228
79.1512 63.6716 95.5629
23.0104 57.6462 32.6134
36.6275 12.7457 22.1939
52.7868 14.3796 27.4132
