86.6995 87.8669 80.2592
12.1289 57.5860 37.8168
27.8197 82.9611 61.8815
14.5327 55.7708 55.3724
53.8513 96.0420 34.9708
23.8197 27.3095 48.1984
60.1096 91.1087 44.0635
55.4111 31.9137 17.9036
49.8664 6.9806 32.7248
43.8994 38.9590 41.1669
15.3040 56.7098 47.1153
15.5794 17.6222 54.2860
60.9118 57.4821 3.9838
46.2130 28.3774 57.3376
17.2134 76.1364 61.4024
18.8857 70.5664 68.1037
31.5112 73.9835 62.7678
80.3651 44.7469 36.2229
49.5378 28.3169 53.7806
39.7819 42.6049 32.1925
87.3810 84.0744 94.9102
84.9084 83.7366 87.6982
41.1831 25.5982 61.7157
11.9240 50.4788 34.7897
54.2817 55.1644 8.7295
11.2938 58.0066 35.0745
56.4943 46.9717 13.1799
16.1931 77.0478 61.7831
37.5186 60.4338 15.5454
91.3994 50.6523 35.5348
100.0000 38.6050 35.3954
1.7810 84.3297 74.4942
54.6405 65.6984 0.0018
47.1836 4.8617 40.9355
50.1902 39.5822 4.4452
48.5046 70.4793 8.1801
6.3484 77.9484 78.6069
39.7042 52.9679 10.4439
37.7892 89.4413 66.9148
0.9641 59.6297 52.4289
50.9741 95.2859 35.9257
22.5346 14.9373 40.9267
46.3178 73.8365 0.0000
38.5219 57.3559 12.6045
55.9354 58.8587 17.1171
36.6336 79.1027 66.4044
56.4612 4.6387 41.4270
45.7323 87.3330 57.6495
5.6736 92.3802 68.2077
31.4397 50.9501 41.0123
