80.2790 51.7447
23.9749 21.1998
3.9138 15.6786
44.0768 81.6999
41.1730 34.1012
19.6032 33.5968
58.3615 44.6308
15.1050 85.3383
65.4109 44.3211
19.9201 88.7296
13.4388 27.9580
43.3422 96.2530
43.2178 29.2620
89.5226 95.5088
20.1371 85.2677
73.9334 20.9363
62.4445 30.2684
20.7152 9.0940
61.4530 48.6661
60.1746 48.9595
52.6179 23.0117
19.6761 29.5461
88.2080 82.4284
82.1106 87.9191
58.0868 34.3429
72.9704 20.3465
10.7591 7.3819
1.1068 92.5120
19.8423 12.5836
85.7793 53.5711
5.8011 4.8051
39.3453 81.5357
82.2672 39.6673
11.8502 69.9579
20.1534 12.5189
46.6389 11.7222
27.7735 36.8840
43.4813 100.0000
31.4138 13.9920
0.0000 11.7761
16.5806 14.8997
38.3179 13.7189
66.2590 27.2591
8.7610 24.7188
16.9472 29.7180
19.5811 14.7550
42.1294 63.3665
49.7458 73.1574
17.7551 8.2414
15.3173 91.4512
