24.7479 61.4208 42.2396
42.4161 29.1477 98.5445
24.3139 94.7395 45.7302
16.4076 21.7341 76.8986
42.9149 69.9058 30.5558
64.9589 10.6531 71.6248
56.1320 79.6228 35.8401
50.5693 80.7711 38.2981
56.3261 12.6051 94.5415
29.8570 95.2672 67.7361
64.5056 43.5186 5.5860
27.4311 56.6538 52.1511
48.4971 27.6476 37.1290
67.5895 48.6257 75.8094
35.3030 29.3756 89.0746
26.6827 93.9666 67.8476
50.2312 11.1577 65.1373
10.5087 15.3183 81.2623
52.9149 4.5770 66.1652
54.2991 7.3555 98.7150
21.4203 81.2782 64.1711
62.8731 30.4039 20.4966
44.1385 8.4001 63.8231
32.1694 31.0454 97.6919
13.8693 68.0757 0.0000
14.1190 26.2554 87.8817
66.9594 13.3011 72.7891
64.1226 44.7163 62.8557
14.4475 71.2622 1.5190
64.7220 4.7338 96.6777
8.9686 66.0259 6.6697
25.1740 89.6493 53.5516
22.3619 100.0000 53.9803
68.5001 44.2698 68.5493
51.4168 42.0801 6.7993
50.1368 31.5901 29.6373
22.2909 65.1974 41.9419
63.4134 7.4702 76.8436
59.8212 7.3122 70.6204
55.8384 50.2038 10.5497
