21.3270 79.4280 87.1598
42.9220 7.9272 18.4315
55.6626 80.7757 42.2137
5.1592 82.5237 58.8412
39.2622 4.1681 29.2382
9.6302 82.9256 54.7322
28.7495 20.1608 31.2925
31.2754 14.8479 29.7576
17.7190 84.9513 92.1812
0.0000 52.6612 69.6873
69.4158 96.3759 71.3101
66.7904 86.1849 63.0370
25.1890 68.2644 25.7953
70.5264 28.2586 74.7646
33.8118 64.6844 19.6821
50.9332 73.6996 38.7996
16.3780 54.8855 73.4202
71.3409 91.6534 74.7662
68.0435 27.3486 66.1893
100.0000 91.9741 74.9988
98.0068 94.9836 70.1462
6.6107 54.9878 65.4988
52.3050 84.8530 34.9101
87.0904 86.3556 68.2752
22.2180 76.5030 95.9582
5.6881 83.5716 65.6277
48.4645 0.6997 24.0869
33.7916 58.3701 23.7434
64.3458 33.9750 73.3336
23.3870 16.9305 36.0660
