91.7442 90.6894
89.2285 86.7641
78.3342 71.3314
90.9818 89.6490
26.5902 79.7171
5.5971 31.3673
81.3436 36.6199
81.6410 91.8304
72.0468 17.0188
68.5972 76.8598
89.6967 89.0555
65.9342 78.2075
57.7336 76.9163
54.8814 69.1823
78.7887 45.0003
50.2496 35.4955
10.4266 47.4124
74.3975 41.6781
78.6853 28.9739
72.6785 77.0795
29.7193 67.3244
93.9951 93.1073
64.1947 80.2740
18.8002 69.2646
52.9385 78.2064
0.0000 56.9438
83.2206 83.0657
49.8979 38.3123
74.9833 95.8107
19.3116 86.5910
48.0453 30.3533
81.4827 67.4540
58.2873 24.0230
10.8962 24.3163
19.1127 76.0420
87.6668 100.0000
55.7992 70.4983
7.2429 23.9559
22.0273 76.8115
14.2347 56.6795
