19.1962 23.5240 43.6029
73.0290 13.4884 31.1670
42.4504 7.7321 44.4244
85.1985 12.4068 15.9559
76.2914 19.6492 31.4328
12.6101 8.5869 18.3316
19.4099 54.5896 72.1983
49.1359 5.3697 50.9918
72.9023 6.7742 26.0744
34.4058 46.3031 8.5543
76.3827 5.5421 27.4011
14.7465 20.1167 88.1915
29.3874 26.4823 49.2797
12.5042 80.0009 31.8210
25.4981 40.9239 15.0526
72.3024 0.3747 24.3067
41.3264 11.4670 48.4702
70.4615 20.1687 29.4790
51.4320 29.4860 70.1743
18.2860 65.0027 58.6227
74.4779 0.5252 27.6838
68.3618 16.1851 28.4682
18.9799 15.5803 86.1579
89.5685 14.2855 14.0525
77.7715 4.0982 32.5451
87.0729 18.7098 22.8011
77.7988 36.6823 74.5755
16.5304 66.6188 54.6204
31.8956 41.3356 17.2638
42.7283 49.5862 11.5723
76.6520 9.6456 40.1643
26.2871 34.2131 10.3584
84.7675 85.7006 30.1275
14.4578 58.7614 64.7439
80.4325 80.8981 39.2119
6.6550 90.5158 30.1564
81.0301 30.2865 73.6092
43.9140 32.6337 79.3213
12.0781 14.1987 0.0000
12.0952 86.9529 29.5910
29.6645 32.9245 49.5858
12.9377 65.6437 54.3545
19.3680 17.3851 100.0000
36.7749 46.1131 9.6962
47.9849 28.9142 75.6619
11.0806 10.8576 5.6435
71.8479 85.0405 35.2008
13.9227 51.0833 69.8593
24.4191 30.6022 9.3948
78.8390 34.4434 75.5863
