10.1859 76.0928 18.2106
41.7580 85.9133 99.1667
33.6194 51.3247 73.0179
16.6674 77.2027 25.1344
46.4591 83.4659 93.2114
42.9343 12.8498 40.6858
75.7903 96.0910 14.1759
48.6456 83.4977 69.3457
44.5419 2.6975 34.1551
32.7352 86.5836 88.5002
10.7141 86.4016 57.7141
15.9346 55.3126 14.1895
85.2615 7.0715 40.6239
47.8805 79.1256 77.2474
51.7473 30.7583 29.0392
91.8771 52.1955 45.8239
37.3177 65.2848 69.8809
89.9843 46.4747 57.4229
47.9801 19.7441 30.5684
61.8073 26.2866 35.3936
17.4964 61.9809 18.0051
18.2909 83.9976 54.3171
34.1273 46.6033 77.9666
79.6998 94.0525 16.7052
71.8182 99.9615 17.0274
34.4643 47.2963 89.7068
56.5904 19.9961 42.2172
30.2209 44.9886 80.5462
41.9932 46.1818 65.6193
100.0000 9.8256 42.9423
85.8948 57.4565 46.6799
88.1926 11.7084 50.0902
20.5132 58.1937 12.6682
53.4344 26.0762 29.9811
45.4994 11.2726 26.6833
10.7790 77.8008 16.3976
0.0000 78.0182 14.8940
55.1476 75.6407 74.3500
14.7764 77.8573 59.9730
37.8870 1.7838 37.6410
