33.4192 67.2503
14.3245 86.3084
70.5382 62.4143
66.1136 85.3026
58.0165 45.6266
69.7713 75.8300
57.2323 0.5544
99.1700 36.4605
59.0838 70.8710
23.2812 20.8530
40.1658 26.6933
28.4222 86.4465
57.5749 26.9598
43.1527 16.2066
43.9725 25.9172
8.9407 40.4501
87.9780 45.2719
29.6059 28.7560
18.5752 52.6222
4.7886 84.4931
42.7288 50.9832
99.0007 53.5525
91.3463 44.9026
99.2189 47.2244
80.5408 60.7007
46.7627 10.7183
10.5353 74.1235
77.6510 64.3876
46.7726 47.0186
79.1489 27.4601
13.9700 55.8661
83.8113 97.2211
10.7025 48.9715
66.2082 51.9962
99.2903 52.2307
57.2245 7.6526
55.9588 61.6826
35.2582 30.7467
19.4740 74.7366
37.7099 63.2626
