99.0733 23.5100 56.2636
10.2429 79.4306 42.0378
79.9321 64.4261 87.1195
77.9710 57.1834 88.4313
1.2861 60.5333 95.4918
24.4363 12.7062 15.6790
67.0575 60.2738 16.3105
0.5190 76.4875 11.4768
83.4203 24.5495 1.9626
42.1679 55.0431 70.6700
13.6279 3.4266 78.4378
15.6294 30.7157 82.0102
33.7548 72.6509 40.9687
56.2194 95.3713 39.2629
42.7985 55.4400 19.8981
0.9543 36.2244 4.9050
56.7658 80.3441 68.4215
86.9050 47.9475 80.2641
59.6131 4.5160 41.8017
25.6226 27.4808 31.7320
1.4296 10.1805 73.5814
58.5986 3.0055 31.0357
47.1098 46.2316 90.7417
0.0008 41.2864 23.6925
47.0279 30.8095 34.4583
72.8178 36.4684 40.4591
28.4634 94.5454 58.6856
21.7203 2.6461 19.8069
29.6872 29.4545 36.1468
75.1042 90.3179 94.2403
