23.0407 14.2366
94.5453 93.3067
89.0252 18.5887
63.6918 24.7250
93.4619 53.5715
56.8784 9.1096
44.8683 92.9247
78.9774 60.8984
89.4370 38.5929
40.3901 14.5354
56.5914 9.9599
79.4091 30.5908
19.5465 86.2284
4.3994 63.2485
61.0485 67.4217
29.7951 88.1813
0.5498 70.1959
0.9537 13.9046
47.6178 29.3655
17.5448 7.2789
32.9154 58.5862
9.5754 99.5147
49.3265 86.4195
23.0307 16.9811
80.8102 97.2755
27.8044 90.0072
45.9966 81.1020
20.0911 97.7000
45.1484 7.6662
71.7066 56.5528
3.0634 52.4385
54.7652 35.5285
28.9828 79.1171
86.2078 8.4567
77.3948 71.9016
21.7554 44.9645
62.6088 55.8350
57.4418 44.4914
87.7566 66.3454
11.5348 34.1611
