84.5970 96.0612
69.6385 23.2441
73.8037 44.3352
54.2471 42.7817
15.3494 11.7386
5.2339 56.5019
77.5301 89.6226
51.2463 93.0392
81.8978 65.5057
25.2024 99.3949
70.4592 41.8927
85.7558 46.9791
9.6582 51.2318
64.8453 23.5624
80.7500 93.1958
16.7930 84.7991
81.5063 61.6960
33.4331 41.9283
53.0333 67.7591
81.1817 18.3115
4.9236 65.8047
99.5736 28.0715
29.5520 44.6248
33.5856 54.0178
13.8873 71.1884
56.0077 64.0011
44.8761 78.5998
73.3566 28.8406
63.9551 39.4045
89.5598 4.1566
33.5066 1.3236
22.5980 16.9851
18.8329 53.6772
9.5987 92.3935
96.1328 62.4332
81.4406 23.1563
7.0258 17.2767
3.4377 14.8772
11.6504 56.6357
54.0723 13.3515
75.0092 32.2957
44.0437 39.9734
2.8808 8.7794
36.8243 15.5659
13.7801 99.2001
7.1891 81.9733
58.0320 49.5366
84.7782 69.3438
10.0539 78.3539
17.3366 69.4860
