20.7592 67.0974 52.6591
31.3194 28.2712 2.2543
47.5411 25.4118 72.5403
79.7614 69.8694 54.9994
77.7122 67.1567 9.7627
74.7706 61.8321 84.5287
30.1849 1.2903 61.1599
33.4699 56.3461 80.8032
91.2071 27.8309 71.0183
10.6570 32.6020 17.9218
0.8092 2.7860 55.1824
54.3680 10.1680 54.7977
79.4188 61.5827 11.9629
11.9187 60.8011 96.8314
24.8492 30.4132 64.2232
68.1852 98.1503 48.3063
23.7962 13.6842 2.7297
36.1253 67.9329 15.8435
58.6183 68.4015 59.5460
47.3777 69.2052 72.2465
33.6416 66.9161 86.6992
10.1576 72.5258 92.3564
26.8029 63.1165 25.9633
56.4289 17.3543 27.5451
67.1706 7.0113 1.5674
7.6650 21.2519 44.5089
61.6422 9.4937 23.1142
56.7104 46.8211 11.5884
88.7136 61.5562 0.2146
90.7661 73.9090 9.2347
61.6813 83.0557 1.6460
45.3927 73.6189 47.4615
65.3978 75.5956 48.8049
95.0681 92.9852 40.4787
0.0642 35.3534 57.1582
72.0318 90.7111 59.0691
53.7551 79.4524 99.5854
59.9081 95.4194 78.5174
43.6929 65.6040 43.9394
8.4873 84.8552 81.7557
30.3091 7.3757 65.4449
28.4031 0.4990 46.5340
86.8240 27.7478 12.9032
82.5247 71.4477 13.2414
83.2985 10.7084 56.8995
27.3826 42.1848 63.6749
8.3300 99.8669 4.9375
24.3630 27.9782 73.8657
66.3651 90.8476 5.0622
73.0675 91.9289 70.5575
