11.6370 97.2943 23.1342
23.8449 64.4013 36.2743
11.8579 32.0003 90.2284
39.9145 29.0155 21.2515
46.2525 40.8808 98.8710
52.6909 40.1922 60.5231
19.4323 53.6356 91.6803
88.5066 74.4921 51.5484
93.6323 33.2744 85.5100
73.9965 23.6269 67.8150
58.9970 65.4077 30.0730
52.0793 16.0767 39.2588
44.6167 96.9556 76.1677
32.7990 0.6422 82.9006
50.6315 51.1999 54.5328
11.1173 10.3318 87.0689
60.4261 90.0000 38.4380
21.7971 4.1575 64.6757
67.3267 7.8446 85.3670
12.8771 71.4117 23.6800
92.8183 39.8876 90.1619
29.2932 28.8201 52.1119
16.9573 88.2150 72.6739
18.6854 19.0443 46.6817
88.4467 95.8582 78.1015
66.4932 94.2790 81.7742
75.0611 35.6562 29.7937
15.3295 35.3093 69.4239
97.4088 46.0635 98.8947
80.9680 22.9604 89.4546
