63.9007 31.1864
61.6806 84.7267
65.4196 75.2406
80.6248 9.7558
11.1165 45.9486
21.2918 0.1963
18.9457 82.5132
31.1279 11.6365
37.9782 80.0453
46.9146 98.3860
15.3514 28.1066
54.8840 15.3797
65.0960 68.9715
28.4550 23.8651
7.5526 81.8652
78.3030 3.2440
34.1528 24.6673
2.1480 9.0284
58.6530 83.5738
8.5643 29.2591
58.0534 30.6839
24.1777 26.0318
64.7019 76.1940
96.6420 6.5311
53.4134 37.2047
78.7265 96.0130
53.3422 20.7154
98.4158 95.8248
90.6081 72.4736
55.5375 99.1291
85.8963 77.6221
53.2443 90.5047
36.4382 49.0154
64.2153 16.4704
39.4680 94.7901
19.9542 31.0476
15.3011 15.3056
40.9066 73.4097
18.9085 19.9878
28.7877 22.5582
92.2204 92.3292
82.0279 14.8977
12.8507 32.1939
36.5950 7.3968
74.4305 94.2577
62.7595 70.2204
34.2029 2.9558
67.9437 35.7580
76.6892 82.4560
69.6566 41.2705
