85.6949 84.8827
28.7986 77.3191
26.9863 17.3356
86.5250 63.8549
44.1268 48.0541
52.3362 96.8151
3.8191 25.6312
78.5628 15.6334
20.1406 91.1651
33.9227 97.3373
16.7125 34.8026
62.2620 66.2397
62.4277 25.2379
65.6014 66.7040
92.9983 71.1753
62.4123 93.1242
36.7642 46.3133
11.7384 21.4545
82.5845 67.0362
20.4941 1.0963
15.8454 39.8560
93.7894 39.9451
25.4516 91.8029
21.1992 31.9461
43.0186 94.1810
94.3791 82.1588
73.3395 57.2199
95.3183 59.0626
83.2333 53.0298
95.5479 56.2487
42.4039 49.3697
94.8801 15.6299
7.8977 60.8047
65.5705 26.3247
96.7114 34.5359
96.9753 49.7076
75.1572 39.9072
5.1785 77.4169
73.2311 74.5028
34.6265 81.1095
8.2475 53.5832
78.7244 19.6532
57.5949 16.8286
27.3608 61.7389
42.9994 70.1439
22.9160 62.2810
10.5667 84.3820
3.5897 29.4371
58.1421 80.1024
52.0868 43.2573
