86.5436 83.2431 48.7897
95.9591 16.4510 98.0110
98.3531 49.8596 20.9864
22.1342 12.0461 35.5344
94.7719 29.6070 41.2393
43.7179 91.9212 65.7243
39.0584 95.7592 18.6397
85.5465 4.5840 13.5782
61.4693 14.9723 4.7810
79.6981 86.0585 48.1902
3.5112 3.3685 44.9739
57.5993 77.3482 23.3398
17.4698 52.5038 37.1389
96.8922 96.1726 14.6010
47.7139 57.1280 47.7118
10.8530 26.1956 19.0609
50.9335 91.9826 74.5960
17.1869 2.4731 80.4027
65.9624 5.2474 81.2301
22.3719 21.3437 87.2866
36.9493 63.6254 46.6827
15.5777 85.2347 55.2466
4.7585 60.0157 78.1842
91.5888 72.8145 56.4513
28.2742 47.3050 58.8194
54.8568 44.4179 55.1881
44.9241 67.2968 54.3289
29.3671 21.9201 16.4001
44.3371 78.9450 47.1732
21.6088 56.0033 19.5832
20.9457 16.3467 92.7049
16.7747 51.0581 46.6122
38.4798 69.3360 42.5847
51.5630 17.1960 27.0062
88.9416 71.6897 25.3119
38.9408 83.3607 27.3891
36.0821 77.0642 59.1988
54.3140 17.1010 11.0286
45.4576 75.9185 74.1986
13.5573 44.2128 43.3827
