69.1285 24.1645 38.8943
96.9082 20.8860 59.8414
53.0159 22.3989 72.5358
29.0781 50.9354 49.4759
69.1406 4.6158 58.0471
55.9393 87.0519 73.6303
15.5519 55.1947 89.0365
90.1032 81.7527 80.6947
45.8363 81.3338 0.2267
90.3974 19.9963 67.1422
41.8503 19.4149 62.1198
14.4803 61.5771 99.0640
35.6766 4.9385 49.9012
70.0876 21.5091 19.8233
99.9552 72.2142 49.8638
81.2946 48.6421 67.8498
66.9044 71.8159 3.1441
62.8658 74.6849 40.1404
57.0208 71.5707 74.1003
71.6267 48.2415 60.7140
55.3683 69.3305 65.3523
5.5356 99.9612 35.8976
1.0187 47.1019 22.1449
50.0767 33.1352 46.5413
76.6860 17.1444 83.4273
35.9058 63.7079 27.7443
69.8928 95.1307 91.4457
60.3545 55.2346 72.7855
57.1853 80.9353 98.7739
66.5352 94.7711 76.5521
0.2832 39.0742 29.6367
86.0223 53.2137 16.7116
85.6410 17.1508 13.3876
21.1441 58.1232 25.0846
19.8647 33.7435 80.4110
39.5489 90.9396 34.8370
20.5934 25.0247 81.4673
36.1782 80.8300 2.4019
47.6132 46.2408 43.4374
14.1166 34.8772 65.5508
96.0213 87.7460 62.0611
74.4426 2.3243 31.0621
93.0652 92.2704 84.5541
15.0329 17.3606 67.8620
60.5138 91.9421 14.4675
94.5152 45.5664 35.7207
71.1695 44.0386 21.3441
50.8315 68.4604 59.9070
71.5603 39.0265 3.6580
65.3247 80.9662 13.5257
