0.2709 40.9183
64.9748 88.6525
86.5305 78.8677
40.6084 30.9288
16.9103 6.0010
0.7810 20.9076
26.9742 13.3962
4.6073 19.2102
34.5001 16.5012
68.9670 97.0776
71.3682 10.3778
45.1392 9.9425
23.9427 42.2394
46.5966 37.2781
28.1877 8.4514
28.4471 4.9839
97.8481 97.8588
88.3997 3.1830
42.3181 62.4110
70.2858 25.1499
38.9156 37.2465
16.2325 55.0411
24.0170 33.5913
23.5909 40.8211
22.4949 24.8676
28.8088 70.6326
68.0711 0.9029
87.7659 54.0569
53.3652 44.6836
60.7143 96.4010
64.6987 97.0366
77.4001 36.3465
23.1809 50.2073
10.9636 58.0403
38.2169 87.0908
23.6713 27.1697
82.3844 59.7930
86.9507 77.5439
0.2493 21.5242
57.3771 21.7257
