13.6686 4.6760 34.9437
72.1614 17.9699 43.6060
71.5285 56.8317 94.9297
90.6462 85.1550 50.2080
3.6221 49.7486 80.0994
21.2477 59.0927 10.1428
27.3063 44.3629 25.5580
91.6248 67.4437 53.8596
77.2109 59.3924 71.0481
88.3699 54.5309 95.2578
73.4742 51.0850 1.2844
40.3207 89.6152 63.9824
17.9402 73.4254 69.0037
9.8853 71.9663 90.9544
70.3109 24.6262 83.5540
64.3316 26.6211 80.9058
94.4182 98.2996 80.9459
75.7341 80.1835 68.6233
97.4008 74.9469 58.2061
36.0200 96.0786 39.3675
56.9354 8.7767 64.8466
10.0258 35.1521 79.5050
26.5675 51.0439 92.9188
77.6170 18.8054 45.2730
35.4800 35.1756 99.1277
34.1273 93.0121 31.1402
18.3953 84.6265 95.0373
9.3093 15.3573 7.1460
49.6652 4.5039 85.1341
88.3960 65.0363 60.4640
