17.5087 48.0928 19.2712
62.0088 34.2377 27.5510
24.2804 29.9224 76.1887
29.6016 66.4244 50.2356
21.1772 43.8084 47.4980
33.1229 90.7953 75.7372
83.1228 42.3355 22.3396
17.3200 28.8847 6.5124
26.6175 71.4242 72.6770
57.0510 1.2890 34.1762
41.6981 77.2722 65.1819
96.9016 43.4770 39.4183
69.8530 88.9693 52.1550
52.5442 24.6051 71.1320
63.7988 48.9929 11.9851
76.6388 1.7860 50.6329
68.2180 34.9513 1.5989
82.8798 33.9281 39.5736
39.8965 74.4549 98.1290
18.4831 12.3174 44.3409
10.5189 1.6122 92.5589
30.7512 52.4869 70.8824
22.3824 35.7801 20.7923
62.0084 91.0238 36.8501
14.0141 85.5193 11.4538
4.3953 94.1367 92.9241
95.8075 55.9334 79.9761
96.3494 35.2724 86.3089
17.6282 66.4639 29.7755
19.2745 37.8054 82.5895
82.9371 27.7987 61.2613
21.9469 61.0686 53.3764
29.8264 15.9447 80.8468
39.9248 36.8554 98.5683
11.4598 99.0156 18.5544
73.6383 52.3991 40.2092
75.5855 84.6851 13.3442
95.2735 0.7627 78.5200
17.2536 7.0647 82.6394
12.2012 47.1844 27.5802
