4.0299 74.5465 40.7760
67.2077 5.9890 28.7726
27.5163 31.2944 2.1839
26.9956 37.9663 64.7576
69.3001 68.4367 99.2822
71.1342 17.9300 80.9296
52.6214 30.3795 95.7185
33.1853 44.2768 60.5563
92.1899 87.2351 45.7897
94.2462 38.2447 79.0934
2.3803 41.3727 36.9666
70.2453 94.1032 52.0720
77.3579 44.4930 31.7463
93.6482 46.5201 48.9223
13.0465 21.3690 42.8251
15.4094 34.8742 49.5946
23.0260 97.2716 59.3050
13.7025 64.8253 11.1660
9.5845 79.4262 12.1174
4.7495 80.8786 6.2710
35.4622 2.9895 73.5579
95.3838 15.1539 3.2677
21.7926 47.5489 78.6132
79.7669 84.5109 71.1791
15.5967 31.5288 58.8264
63.3665 38.5881 5.5083
78.2528 25.0760 96.4979
43.5683 5.8443 7.4859
70.4933 79.5738 2.5453
86.2871 8.4430 88.1687
