53.0971 44.3112 6.3212
35.1733 33.4775 82.3335
39.0685 85.5769 69.7640
29.0258 57.8715 31.5479
57.4007 78.2669 15.7344
55.1523 29.5952 68.1001
9.1708 68.8234 19.4427
64.2304 61.3484 42.3413
63.9956 17.4748 31.3623
98.3951 83.5837 3.2478
37.8518 63.8612 98.1308
13.8187 18.4411 30.3702
52.5056 78.3863 64.8125
83.6036 20.3292 0.7207
42.4600 44.4068 60.7141
97.1634 60.4423 14.9176
87.4506 70.0178 23.4810
35.4880 80.7949 43.8871
3.6254 69.0488 24.3278
65.3288 38.1959 68.2128
75.1264 78.8622 74.7181
76.1217 24.3942 6.0787
63.9926 63.8770 97.5618
47.2142 49.1591 21.2153
0.3018 84.8603 0.8126
49.6185 85.1063 4.9073
69.9517 47.8538 69.0854
73.6247 44.6514 29.5953
32.3709 15.1916 66.7384
81.2327 41.2783 72.3822
58.5731 51.2555 7.3639
7.7491 74.8394 65.6522
35.3937 48.2753 62.4710
15.8873 34.8997 23.6804
17.4860 94.2451 89.8826
16.4479 78.0376 64.0962
95.5130 5.9606 74.0388
31.2215 57.2772 39.9406
28.5693 5.7092 94.6292
7.2717 64.6249 94.6055
