84.6144 3.4991 50.1401
19.4799 10.8519 89.8009
2.7947 7.4834 25.7470
26.9771 4.3291 66.0219
78.3950 93.9098 21.8875
11.6180 21.6718 23.6501
57.4871 17.9155 88.3823
82.7435 24.8635 16.0402
18.5546 87.9955 86.9718
98.4637 78.8636 54.8873
28.9432 92.6540 25.7487
59.6264 39.6045 68.0323
1.3107 79.3231 78.2250
62.6975 62.1460 66.4078
15.5715 85.3800 4.3466
79.9860 70.1121 35.8233
72.6073 48.8227 18.3063
24.0719 50.0235 10.4616
8.2659 97.1213 10.6624
32.1675 58.7898 94.4027
67.2879 21.7948 80.3470
18.6125 86.1042 82.4780
94.0341 76.5866 38.9526
66.9294 21.9337 51.2699
14.1389 28.4243 2.3705
19.5146 37.5046 84.3386
48.3868 2.2797 59.4919
85.8179 48.4514 80.4370
26.5220 89.7206 2.5317
91.7049 20.0017 99.1415
31.0910 33.3101 98.1715
84.4152 31.9899 10.4744
24.3897 40.6381 24.5405
66.3674 77.7893 69.9225
97.9935 83.3377 21.6879
67.7427 42.1537 60.1819
78.9415 34.6982 3.4071
13.8456 20.0922 20.8746
25.4201 83.4677 65.1577
67.8918 9.3488 54.7584
