26.5486 2.4870
29.8603 18.5305
52.7786 70.8834
5.2857 41.5690
97.8080 22.1748
59.3009 62.3673
67.2923 23.5885
18.4486 65.7756
26.6312 71.4650
87.8855 76.3360
22.9531 61.7618
24.4895 77.3688
96.3413 2.6620
76.9098 39.6244
80.4270 87.7282
38.5174 14.9528
33.4263 57.3147
81.3861 15.0282
76.2503 77.6177
8.0208 5.5103
19.5437 40.9852
10.6354 62.7791
74.3710 79.1337
61.5084 17.1673
99.2532 25.4698
17.8674 95.2302
6.8483 23.7723
73.0851 67.9336
80.3906 19.7319
88.6427 97.4768
77.5197 56.5726
65.7793 38.3486
32.4454 41.1681
62.2122 97.7867
22.5492 96.0789
17.7807 15.2251
88.4776 14.6730
97.3834 22.7697
82.4384 29.5020
58.6050 14.6311
