99.9937 47.8895 23.1429
98.5021 19.4884 57.4296
93.9881 57.7389 30.4079
44.3211 41.6378 88.1828
93.4790 12.5979 73.5364
25.1081 87.5132 83.4422
0.6209 77.8763 59.9108
27.5807 11.4072 11.5565
45.3432 25.0435 51.5009
70.1601 31.7996 46.9444
73.3327 49.4258 4.4032
45.0043 35.7292 2.0143
40.6808 88.9450 13.2629
2.2982 31.0529 89.6333
15.4980 68.7158 52.7409
99.1899 65.8929 89.8259
0.2253 8.0990 49.6869
2.8047 17.7485 56.6585
35.3278 65.8725 74.6855
50.7832 29.4338 78.8675
87.0653 61.9053 66.9385
54.3220 81.3333 26.0671
61.3544 28.5021 95.2511
71.9786 4.1303 96.1662
31.5890 45.1133 75.5149
41.4640 53.8869 6.4886
13.0296 77.4932 62.0292
54.0928 85.3828 11.3871
49.6613 2.8731 49.7260
57.9227 7.5824 18.6446
21.1953 27.4970 83.5289
36.8688 80.5554 54.0972
98.1488 18.7835 43.7176
80.1420 26.1165 39.3577
76.8171 72.4884 14.1406
32.7347 59.3001 34.7276
19.7151 22.3317 29.9679
95.6591 48.2803 16.2430
75.3913 26.7715 70.9203
43.5192 4.9427 66.9437
93.4249 25.1060 4.9103
60.9584 60.7880 35.2156
98.5158 62.5554 75.5692
90.0957 77.5981 89.6248
36.5969 0.5409 79.6518
77.6585 58.5800 86.7850
80.1509 25.4137 27.6843
37.9298 28.3163 62.2227
22.4753 22.2708 96.6860
52.8866 9.3884 55.1933
