94.3868 38.7106 24.0733
4.6815 79.3337 38.7259
62.2983 58.8123 59.4034
33.5464 54.1919 3.8182
41.3504 28.7287 33.3501
41.7391 17.3466 60.1197
98.5579 47.9803 13.0938
47.8282 43.6081 87.4462
80.0938 95.8933 47.9649
20.3370 62.0651 27.6830
4.8431 17.7572 34.2259
20.1818 59.9366 87.1165
48.6126 90.2507 42.3232
98.7263 30.9866 12.6473
15.2936 80.0385 77.2860
19.0619 91.5007 74.9766
93.3676 31.2766 68.3298
10.3797 56.0689 21.6041
53.7802 14.3866 37.3444
11.3786 68.8592 13.2537
85.3530 93.0186 76.5878
73.4655 90.1202 69.9960
25.4280 81.6685 84.2348
75.0537 10.0754 98.6161
48.0114 48.4814 2.8941
28.9281 80.2687 47.7490
64.9039 16.5311 33.6208
26.0979 43.5505 54.7112
48.1889 92.4206 32.6837
98.6132 16.1942 28.8650
