37.9982 30.6220 65.5272
21.3798 45.7778 91.5775
34.5468 81.1136 6.2699
77.4516 11.5914 61.0282
8.8490 91.8507 58.2243
79.9436 7.3242 9.6166
27.1483 12.9540 35.3173
7.6790 84.3431 25.0321
95.3467 55.4686 88.4800
46.3474 9.5011 56.1179
42.0226 46.6469 75.5190
5.4206 11.2310 63.4434
96.9795 10.7098 80.6646
22.8685 14.5310 91.4756
93.7622 14.8004 94.3177
72.9705 77.5305 45.1806
80.4436 17.1226 26.9905
51.4985 23.1928 54.1013
81.2442 31.4954 72.1702
91.8708 64.9214 76.0622
53.5040 15.2305 68.5521
41.8798 50.4714 74.7868
52.8474 45.9132 47.0845
84.0176 31.0262 85.7872
41.3994 67.2824 26.0330
1.6792 75.9870 45.3356
91.9785 8.2745 55.0478
62.5985 99.1681 84.1886
6.9996 4.8815 35.4004
75.3970 72.4312 36.4435
45.7171 19.3773 20.6200
96.2339 7.3729 56.3672
2.2772 22.5867 20.5040
48.2395 3.7685 58.9047
89.6605 7.3763 13.5145
69.4930 96.7787 64.4928
64.5332 38.1399 69.5846
41.0173 3.6244 77.9206
92.0857 32.0824 73.9670
98.4641 47.4494 4.9293
