47.5152 3.4478
30.2582 16.9966
9.5744 54.3443
14.4606 19.6349
32.3986 54.8509
14.7489 45.3251
26.1346 76.8887
62.6310 78.4943
6.2202 39.2413
49.3664 43.4356
52.0132 55.1688
49.8402 52.3256
67.4014 21.7036
82.9603 81.7250
73.4222 93.2149
38.3996 79.6725
32.8670 48.5104
1.4793 50.9975
90.0418 18.6264
39.5902 92.0461
4.1904 85.7058
6.1210 96.8201
97.7041 95.2898
34.7283 40.6890
0.5373 13.7277
74.0708 53.6558
91.7326 46.1066
55.6737 0.6599
93.1475 41.3261
41.9158 72.5312
3.0220 74.4095
86.7294 27.9195
75.9441 35.8929
74.7892 73.8848
66.2958 11.4964
73.9450 54.7283
84.3685 39.5603
39.1853 21.9774
8.2415 10.1723
98.2298 87.9614
