80.7513 88.3737 64.0525
95.7352 57.9192 39.6155
60.8528 30.2546 3.2626
82.2690 12.0514 28.3445
46.6783 55.9138 38.9232
95.6504 74.3375 14.3450
15.6495 44.6038 48.5723
4.1757 85.2319 31.1256
82.6225 4.8078 37.2086
43.1289 30.9195 28.1652
47.8433 4.5407 0.2623
59.8553 46.7500 88.0019
56.1953 82.7032 73.3358
88.8770 27.6436 83.6709
76.2807 2.5133 22.4368
91.5623 4.6186 28.5915
55.2128 66.5062 67.1557
11.5956 13.5001 51.5082
69.1757 1.8787 11.7115
87.6216 58.5053 18.8538
89.5882 66.8983 58.9617
40.3334 68.7021 69.4015
83.5111 69.0562 21.3327
18.4512 68.1683 43.8740
1.6137 24.6795 16.8606
50.5097 78.4983 81.0403
24.0570 88.4573 18.2909
46.1523 95.6546 23.9244
19.5908 16.8015 80.8513
96.2756 16.2172 76.0093
13.2220 99.8646 48.2378
88.6095 66.6330 42.5434
86.3933 92.6248 61.0593
1.7353 27.4079 60.6639
88.0622 63.2421 90.3687
44.1655 83.5300 62.5591
34.8014 39.3756 91.0783
53.6717 82.5411 42.3632
44.4720 94.3238 17.5320
81.1649 27.8977 36.1947
50.9077 77.9139 17.9746
16.5151 50.0203 71.1781
52.5270 23.5266 84.0960
7.1059 59.0670 90.1952
94.2234 25.0130 17.0355
74.2862 0.0738 10.7000
66.6132 30.7371 52.4938
72.2253 58.6917 7.7831
72.1875 31.4354 31.7650
43.9744 34.0336 79.8575
