92.1482 35.6475
11.6918 35.3804
98.8409 91.6135
23.6557 94.3833
27.1176 42.7377
71.2466 3.6016
89.1892 99.9042
93.7247 33.9521
7.4921 24.9354
38.6776 20.3744
9.6804 82.1055
53.9489 53.9845
90.8944 41.4607
16.6971 32.4045
31.5258 14.0612
53.1679 74.7896
80.9364 59.4267
68.3516 48.1662
64.6064 26.5212
87.0586 55.1409
9.5612 8.6025
4.8620 44.9577
70.2213 21.7211
95.9139 7.7086
20.9039 83.0149
48.1448 94.8804
33.1417 86.9893
14.6386 79.7762
69.3442 65.4937
36.8861 68.7046
56.5516 90.5097
74.4296 9.8948
58.6832 52.8297
18.4963 42.0809
80.7981 77.9912
54.1115 42.3829
68.6133 84.5638
99.9746 26.2014
63.3352 75.3129
59.0808 60.4852
2.7185 33.5789
44.0306 37.2824
39.7434 89.7824
18.6512 64.1373
81.6944 50.5730
22.6667 4.9337
2.2831 12.7053
30.5194 16.6655
30.9395 99.8690
9.4282 24.4683
