31.6546 33.1560
51.4335 99.8885
29.7199 31.4830
86.4898 65.9701
17.0750 83.2814
65.6993 14.7136
87.0420 35.2423
88.4180 71.3389
30.3334 65.8929
63.6770 58.2701
80.9982 31.0885
96.2479 95.9172
98.1091 92.7293
31.0757 26.3763
34.6911 94.9918
19.6342 52.9733
99.0164 35.2613
66.2675 15.0015
44.0322 40.0355
71.1510 15.1137
88.9611 76.2323
67.3239 80.1836
70.8392 11.1558
56.7013 52.3328
53.7996 48.2339
76.5166 22.7651
66.1755 75.9624
42.3516 74.2859
34.8828 68.3021
79.7603 19.2756
59.6207 54.2794
88.6645 30.0248
6.6981 15.7607
60.2460 91.4136
21.9586 25.7539
67.3468 64.5821
82.5236 27.6908
5.3288 40.6204
68.0785 30.4460
96.8046 7.0404
1.8757 12.0532
16.2175 46.1631
45.6976 52.3281
8.8491 68.0194
84.1803 58.6344
38.7211 13.2597
79.7404 77.1795
78.0679 22.6317
82.4198 21.5003
32.6894 87.3005
