25.2739 46.6057 27.2799
47.0371 86.1417 29.7766
23.2871 96.7704 21.9841
29.9258 84.8903 99.2759
19.3587 0.9445 95.6225
68.7501 18.3464 43.3630
86.9957 19.9443 41.8383
62.4323 56.7213 22.6465
57.7394 34.1670 30.8408
41.8279 5.6492 8.6729
14.7965 14.4718 14.7529
68.8335 39.8937 37.6879
19.5295 73.3101 98.4152
86.1538 36.9986 72.2451
15.4790 79.8776 19.4938
99.1462 24.5545 78.8541
56.2501 99.3266 42.7418
23.1668 30.0467 79.2519
63.5636 35.3164 68.0431
13.0062 60.3065 96.7211
0.0573 33.9401 49.0886
55.4814 44.7921 64.4751
58.4401 75.3104 30.1702
9.0191 28.4839 54.0744
20.0683 2.8307 87.6915
84.3027 12.4244 92.6705
74.3136 85.8664 83.8445
91.9018 60.3361 13.4511
76.4628 37.4770 13.1345
40.7458 18.4984 50.6320
24.9177 11.7149 77.9833
21.5950 25.1462 29.7667
94.4988 82.0211 33.0742
99.2022 65.2888 97.2170
96.1509 37.2525 98.2141
10.2123 40.3291 79.5957
24.3594 88.3343 3.7860
20.2029 50.0439 25.2089
70.3439 64.0351 92.4172
73.3485 33.2339 18.2502
75.5180 64.1297 2.2112
50.5645 43.4523 64.4077
9.0635 63.7681 93.3261
62.5338 36.9812 62.1043
87.2535 60.2995 27.2527
14.9706 55.5773 28.8746
96.4676 20.0768 80.2269
73.2898 5.0333 34.3228
85.4038 3.1331 82.8049
70.3146 70.1626 2.4980
